Read 136 trajectory points
Initial parameters:
x0 = 166.505 px (fixed)
y0 = 124.416 px (fixed)
vx0 = 45.3002 px/s
vy0 = 31.3801 px/s
g = 500 px/s^2
k = 0.1 1/s
iter      cost      cost_change  |gradient|   |step|    tr_ratio  tr_radius  ls_iter  iter_time  total_time
   0  4.652024e+07    0.00e+00    1.26e+05   0.00e+00   0.00e+00  1.00e+04        0    4.22e-03    4.36e-03
   1  3.124768e+07    1.53e+07    1.06e+05   0.00e+00   3.28e-01  9.61e+03        1    8.52e-03    1.29e-02
   2  4.446341e+07   -1.32e+07    1.06e+05   4.51e+01  -4.23e-01  4.81e+03        1    6.37e-02    7.67e-02
   3  4.376170e+07   -1.25e+07    1.06e+05   4.34e+01  -4.01e-01  1.20e+03        1    4.76e-02    1.24e-01
   4  4.012444e+07   -8.88e+06    1.06e+05   3.47e+01  -2.84e-01  1.50e+02        1    3.48e-02    1.59e-01
   5  2.591187e+07    5.34e+06    8.48e+04   5.03e+01   1.71e-01  1.17e+02        1    4.08e-03    1.63e-01
   6  2.578589e+07    1.26e+05    8.12e+04   2.20e+01   4.88e-03  5.93e+01        1    4.60e-03    1.68e-01
   7  2.052143e+07    5.26e+06    6.35e+04   4.47e+01   2.05e-01  4.92e+01        1    4.34e-03    1.72e-01
   8  1.963015e+07    8.91e+05    5.88e+04   1.97e+01   4.39e-02  2.80e+01        1    4.49e-03    1.77e-01
   9  1.570145e+07    3.93e+06    4.63e+04   5.08e+01   2.04e-01  2.32e+01        1    4.27e-03    1.81e-01
  10  1.443086e+07    1.27e+06    4.17e+04   2.34e+01   8.32e-02  1.47e+01        1    4.96e-03    1.86e-01
  11  1.181543e+07    2.62e+06    3.38e+04   5.26e+01   1.89e-01  1.18e+01        1    4.79e-03    1.91e-01
  12  1.075307e+07    1.06e+06    3.12e+04   3.44e+01   9.61e-02  7.74e+00        1    4.14e-03    1.95e-01
  13  9.101379e+06    1.65e+06    2.75e+04   5.96e+01   1.69e-01  6.00e+00        1    4.91e-03    2.00e-01
  14  7.746834e+06    1.35e+06    2.42e+04   5.23e+01   1.71e-01  4.67e+00        1    4.74e-03    2.05e-01
  15  6.626076e+06    1.12e+06    2.11e+04   4.93e+01   1.75e-01  3.67e+00        1    4.78e-03    2.09e-01
  16  5.733455e+06    8.93e+05    1.83e+04   4.54e+01   1.76e-01  2.88e+00        1    4.40e-03    2.14e-01
  17  5.040106e+06    6.93e+05    1.57e+04   4.12e+01   1.73e-01  2.25e+00        1    5.34e-03    2.19e-01
  18  4.513413e+06    5.27e+05    1.34e+04   3.67e+01   1.69e-01  1.75e+00        1    4.90e-03    2.24e-01
  19  4.112071e+06    4.01e+05    1.16e+04   3.22e+01   1.66e-01  1.35e+00        1    4.08e-03    2.28e-01
  20  3.803919e+06    3.08e+05    1.00e+04   2.80e+01   1.67e-01  1.04e+00        1    4.16e-03    2.32e-01
  21  3.572992e+06    2.31e+05    8.64e+03   2.37e+01   1.64e-01  7.98e-01        1    4.42e-03    2.37e-01
  22  3.403129e+06    1.70e+05    7.44e+03   1.95e+01   1.61e-01  6.08e-01        1    4.97e-03    2.42e-01
  23  3.280167e+06    1.23e+05    6.42e+03   1.58e+01   1.56e-01  4.59e-01        1    5.40e-03    2.47e-01
  24  3.192385e+06    8.78e+04    5.56e+03   1.26e+01   1.51e-01  3.42e-01        1    4.62e-03    2.52e-01
  25  3.130451e+06    6.19e+04    4.86e+03   9.82e+00   1.45e-01  2.52e-01        1    4.70e-03    2.57e-01
  26  3.087173e+06    4.33e+04    4.30e+03   7.52e+00   1.39e-01  1.83e-01        1    4.11e-03    2.61e-01
  27  3.057151e+06    3.00e+04    3.86e+03   5.66e+00   1.34e-01  1.32e-01        1    4.44e-03    2.65e-01
  28  3.036432e+06    2.07e+04    3.53e+03   4.18e+00   1.30e-01  9.35e-02        1    5.31e-03    2.70e-01
  29  3.022180e+06    1.43e+04    3.29e+03   3.04e+00   1.26e-01  6.59e-02        1    4.68e-03    2.75e-01
  30  3.012395e+06    9.78e+03    3.11e+03   2.18e+00   1.23e-01  4.61e-02        1    4.10e-03    2.79e-01
  31  3.005683e+06    6.71e+03    2.98e+03   1.55e+00   1.21e-01  3.21e-02        1    4.76e-03    2.84e-01
  32  3.001080e+06    4.60e+03    2.89e+03   1.09e+00   1.19e-01  2.22e-02        1    5.04e-03    2.89e-01
  33  2.997924e+06    3.16e+03    2.83e+03   7.59e-01   1.18e-01  1.54e-02        1    4.30e-03    2.93e-01
  34  2.995759e+06    2.16e+03    2.79e+03   5.27e-01   1.17e-01  1.06e-02        1    4.39e-03    2.98e-01
  35  2.994275e+06    1.48e+03    2.76e+03   3.65e-01   1.16e-01  7.29e-03        1    4.52e-03    3.02e-01
  36  2.993256e+06    1.02e+03    2.74e+03   2.52e-01   1.16e-01  5.02e-03        1    4.66e-03    3.07e-01
  37  2.992558e+06    6.99e+02    2.72e+03   1.74e-01   1.15e-01  3.45e-03        1    4.36e-03    3.11e-01
  38  2.992078e+06    4.79e+02    2.71e+03   1.19e-01   1.15e-01  2.37e-03        1    4.98e-03    3.16e-01
  39  2.991749e+06    3.29e+02    2.70e+03   8.21e-02   1.15e-01  1.63e-03        1    5.53e-03    3.22e-01
  40  2.991524e+06    2.26e+02    2.70e+03   5.64e-02   1.15e-01  1.12e-03        1    4.43e-03    3.26e-01
  41  2.991369e+06    1.55e+02    2.70e+03   3.87e-02   1.15e-01  7.67e-04        1    4.06e-03    3.30e-01
  42  2.991263e+06    1.06e+02    2.69e+03   2.66e-02   1.15e-01  5.26e-04        1    4.67e-03    3.35e-01
  43  2.991190e+06    7.29e+01    2.69e+03   1.83e-02   1.15e-01  3.61e-04        1    4.88e-03    3.40e-01
  44  2.991140e+06    5.00e+01    2.69e+03   1.25e-02   1.15e-01  2.48e-04        1    4.09e-03    3.44e-01
  45  2.991105e+06    3.43e+01    2.69e+03   8.60e-03   1.15e-01  1.70e-04        1    4.55e-03    3.49e-01
  46  2.991082e+06    2.36e+01    2.69e+03   5.91e-03   1.15e-01  1.17e-04        1    4.36e-03    3.53e-01
  47  2.991066e+06    1.62e+01    2.69e+03   4.05e-03   1.15e-01  8.01e-05        1    4.87e-03    3.58e-01
  48  2.991055e+06    1.11e+01    2.69e+03   2.78e-03   1.15e-01  5.50e-05        1    5.01e-03    3.63e-01
  49  2.991047e+06    7.61e+00    2.69e+03   1.91e-03   1.15e-01  3.77e-05        1    5.43e-03    3.68e-01
  50  2.991042e+06    5.22e+00    2.69e+03   1.31e-03   1.15e-01  2.59e-05        1    5.03e-03    3.73e-01
  51  2.991038e+06    3.58e+00    2.69e+03   8.99e-04   1.15e-01  1.78e-05        1    4.19e-03    3.78e-01
  52  2.991036e+06    2.46e+00    2.69e+03   6.17e-04   1.15e-01  1.22e-05        1    4.36e-03    3.82e-01
  53  2.991034e+06    1.69e+00    2.69e+03   4.23e-04   1.15e-01  8.37e-06        1    4.56e-03    3.87e-01
  54  2.991033e+06    1.16e+00    2.69e+03   2.90e-04   1.15e-01  5.74e-06        1    4.42e-03    3.91e-01
  55  2.991032e+06    7.95e-01    2.69e+03   1.99e-04   1.15e-01  3.94e-06        1    3.97e-03    3.95e-01
  56  2.991032e+06    5.45e-01    2.69e+03   1.37e-04   1.15e-01  2.70e-06        1    4.37e-03    3.99e-01
  57  2.991031e+06    3.74e-01    2.69e+03   9.38e-05   1.15e-01  1.85e-06        1    4.37e-03    4.04e-01
  58  2.991031e+06    2.57e-01    2.69e+03   6.44e-05   1.15e-01  1.27e-06        1    4.51e-03    4.08e-01
  59  2.991031e+06    1.76e-01    2.69e+03   4.42e-05   1.15e-01  8.73e-07        1    4.76e-03    4.13e-01
  60  2.991031e+06    1.21e-01    2.69e+03   3.03e-05   1.15e-01  5.99e-07        1    5.29e-03    4.18e-01
  61  2.991030e+06    8.30e-02    2.69e+03   2.08e-05   1.15e-01  4.11e-07        1    4.80e-03    4.23e-01
  62  2.991030e+06    5.69e-02    2.69e+03   1.43e-05   1.15e-01  2.82e-07        1    4.26e-03    4.27e-01
  63  2.991030e+06    3.91e-02    2.69e+03   9.80e-06   1.15e-01  1.94e-07        1    4.31e-03    4.32e-01
  64  2.991030e+06    2.68e-02    2.69e+03   6.72e-06   1.15e-01  1.33e-07        1    4.81e-03    4.37e-01
  65  2.991030e+06    1.84e-02    2.69e+03   4.61e-06   1.15e-01  9.12e-08        1    4.53e-03    4.41e-01
  66  2.991030e+06    1.26e-02    2.69e+03   3.17e-06   1.15e-01  6.26e-08        1    3.93e-03    4.45e-01
  67  2.991030e+06    8.66e-03    2.69e+03   2.17e-06   1.15e-01  4.29e-08        1    3.72e-03    4.49e-01
  68  2.991030e+06    5.95e-03    2.69e+03   1.49e-06   1.15e-01  2.95e-08        1    3.78e-03    4.53e-01
  69  2.991030e+06    4.08e-03    2.69e+03   1.02e-06   1.15e-01  2.02e-08        1    3.59e-03    4.56e-01
  70  2.991030e+06    2.80e-03    2.69e+03   7.02e-07   1.15e-01  1.39e-08        1    3.60e-03    4.60e-01
  71  2.991030e+06    1.92e-03    2.69e+03   4.82e-07   1.15e-01  9.52e-09        1    3.62e-03    4.63e-01
  72  2.991030e+06    1.32e-03    2.69e+03   3.31e-07   1.15e-01  6.53e-09        1    3.64e-03    4.67e-01
  73  2.991030e+06    9.05e-04    2.69e+03   2.27e-07   1.15e-01  4.48e-09        1    3.67e-03    4.71e-01
  74  2.991030e+06    6.21e-04    2.69e+03   1.56e-07   1.15e-01  3.08e-09        1    3.62e-03    4.74e-01
  75  2.991030e+06    4.26e-04    2.69e+03   1.07e-07   1.15e-01  2.11e-09        1    3.62e-03    4.78e-01
  76  2.991030e+06    2.92e-04    2.69e+03   7.33e-08   1.15e-01  1.45e-09        1    3.59e-03    4.82e-01
  77  2.991030e+06    2.01e-04    2.69e+03   5.03e-08   1.15e-01  9.94e-10        1    3.54e-03    4.85e-01
  78  2.991030e+06    1.38e-04    2.69e+03   3.45e-08   1.15e-01  6.82e-10        1    3.62e-03    4.89e-01
  79  2.991030e+06    9.44e-05    2.69e+03   2.37e-08   1.15e-01  4.68e-10        1    3.65e-03    4.92e-01
  80  2.991030e+06    6.48e-05    2.69e+03   1.63e-08   1.15e-01  3.21e-10        1    3.59e-03    4.96e-01
  81  2.991030e+06    4.45e-05    2.69e+03   1.12e-08   1.15e-01  2.20e-10        1    3.61e-03    5.00e-01
  82  2.991030e+06    3.05e-05    2.69e+03   7.65e-09   1.15e-01  1.51e-10        1    3.64e-03    5.03e-01
  83  2.991030e+06    2.09e-05    2.69e+03   5.25e-09   1.15e-01  1.04e-10        1    3.61e-03    5.07e-01
  84  2.991030e+06    1.44e-05    2.69e+03   3.60e-09   1.15e-01  7.12e-11        1    3.59e-03    5.11e-01
  85  2.991030e+06    9.86e-06    2.69e+03   2.47e-09   1.15e-01  4.89e-11        1    3.59e-03    5.14e-01
  86  2.991030e+06    6.77e-06    2.69e+03   1.70e-09   1.15e-01  3.35e-11        1    3.65e-03    5.18e-01
  87  2.991030e+06    4.64e-06    2.69e+03   1.16e-09   1.15e-01  2.30e-11        1    3.62e-03    5.21e-01
  88  2.991030e+06    3.19e-06    2.69e+03   7.99e-10   1.15e-01  1.58e-11        1    3.60e-03    5.25e-01

Solver Summary (v 2.2.0-eigen-(3.4.0)-lapack-suitesparse-(7.10.1)-metis-(5.1.0)-eigensparse)

                                     Original                  Reduced
Parameter blocks                            1                        1
Parameters                                  4                        4
Residual blocks                           136                      136
Residuals                                 272                      272

Minimizer                        TRUST_REGION

Dense linear algebra library            EIGEN 
Trust region strategy     LEVENBERG_MARQUARDT
                                        Given                     Used
Linear solver                        DENSE_QR                 DENSE_QR
Threads                                     1                        1
Linear solver ordering              AUTOMATIC                        1

Cost:
Initial                          4.652024e+07
Final                            2.991030e+06
Change                           4.352921e+07

Minimizer iterations                       89
Successful steps                           86
Unsuccessful steps                          3
Line search steps                          45

Time (in seconds):
Preprocessor                         0.000135

  Residual only evaluation           0.001355 (89)
    Line search cost evaluation      0.000000
  Jacobian & residual evaluation     0.522243 (217)
    Line search gradient evaluation   0.332838
  Linear solver                      0.000782 (89)
  Line search polynomial minimization  0.000427
Minimizer                            0.526727

Postprocessor                        0.000004
Total                                0.526866

Termination:                      CONVERGENCE (Function tolerance reached. |cost_change|/cost: 7.314124e-13 <= 1.000000e-12)


Fitted parameters:
x0 = 166.505 px (fixed)
y0 = 124.416 px (fixed)
vx0 = 435.647 px/s
vy0 = 232.646 px/s
g = 100 px/s^2
k = 0.769185 1/s
